cam_model: Pinhole
cam_width: 1280
cam_height: 1024
scale: 0.5
cam_fx: 1167.75298
cam_fy: 1168.27453
cam_cx: 588.46012
cam_cy: 495.75150
cam_d0: -0.123433
cam_d1: 0.110772
cam_d2: -0.000340
cam_d3: 0.000389
